An_Triangle_Test_Example
6    1    1    1
1    1    1    1    0.0    0.0    0.0    0.0    0.0    0.0
2    0    1    1    2.5    0.0    0.0    0.0    0.0    0.0
3    0    0    1    2.5    3.0    0.0    0.0    0.0    0.0
4    0    0    1    0.0    2.0    0.0    0.0    0.0    0.0
5    0    0    1    1.0    0.5    0.0    0.0    0.0    0.0
6    0    0    1    1.5    1.5    0.0    0.0    0.0    0.0
1    4    0
1    1    -10
2    1    15
3    1    10
4    1    -15
3    6    1
1    1000   0.3    1    0
1    1    5    4    1
2    5    6    4    1
3    6    3    4    1
4    6    2    3    1
5    5    2    6    1
6    1    2    5    1
