An_Triangle_Test_Example_4_1
6    1    1    1
1    1    1    1    0.0    0.0    0.0    0.0    0.0    0.0
2    0    1    1    2.5    0.0    0.0    0.0    0.0    0.0
3    0    0    1    2.5    3.0    0.0    0.0    0.0    0.0
4    0    0    1    0.0    2.0    0.0    0.0    0.0    0.0
5    0    0    1    1.0    0.5    0.0    0.0    0.0    0.0
6    0    0    1    1.5    1.5    0.0    0.0    0.0    0.0
1    0    3
1    4    1    -10.0   -10.0    1
3    4    1    -3.7139   -3.7139    3
2    3    1    10.0   10.0    4
3    6    1
1    1000   0.3    1    0
1    1    5    4    1
2    5    6    4    1
3    6    3    4    1
4    6    2    3    1
5    5    2    6    1
6    1    2    5    1
